10.1093/nar/gky640	2018	2281,23
10.3389/fendo.2018.00666	2018	2186,35
10.3389/fmicb.2018.02742	2018	2774,16
10.3389/fnhum.2018.00478	2018	2614,13
10.3389/fpls.2018.01899	2018	2598,44
10.3389/fnut.2019.00031	2019	1128,12
10.3389/fimmu.2019.00664	2019	1999,06
10.3389/fphys.2019.00329	2019	1999,06
10.3389/fmicb.2019.00272	2019	2020,24
10.3389/fphys.2019.00137	2019	1588,42
10.3389/fnut.2019.00023	2019	1131,07
10.3389/fgene.2019.00178	2019	2020,24
10.3389/fimmu.2019.00541	2019	2020,24
10.3389/fmicb.2019.00378	2019	2020,24
10.1186/s12903-018-0633-0	2018	1526,88
10.1186/s13104-018-3826-3	2018	919,47
10.1186/s12870-018-1531-y	2018	1526,88
10.1186/s13007-018-0368-6	2018	1593,75
10.1186/s12866-019-1392-z	2019	1526,88
10.1186/s12302-019-0185-1	2019	852,60
10.1186/s12711-018-0444-4	2019	1309,55
10.1186/s12917-019-1789-9	2019	1526,88
10.1186/s40462-019-0147-7	2019	1526,88
10.1186/s12898-018-0212-x	2018	1526,88
10.1038/s41598-018-34954-y	2018	1630,30
10.17645/pag.v6i4.1393	2018	535,50
10.3389/fnint.2018.00059	2018	1015,49
10.1038/s41598-018-35318-2	2018	1630,30
10.3389/fmars.2018.00459	2018	2018,38
10.1371/journal.pone.0200798	2018	1587,28
10.1556/2006.7.2018.129	2018	589,05
10.1038/s41598-018-35862-x	2018	1630,30
10.1038/s41598-018-36046-3	2018	1630,30
10.4081/or.2018.7782	2018	749,70
10.1051/parasite/2018043	2018	1071,00
10.1063/1.5042014	2018	1413,84
10.3390/ijms20020342	2019	1516,74
10.1155/2019/6407098	2019	2052,02
10.1038/s41598-019-42735-4	2019	1773,10
10.1038/s41598-019-43307-2	2019	1773,10
10.1038/s41598-019-43153-2	2019	1773,10
10.1167/19.4.20	2019	1979,67
10.1167/19.4.18	2019	1979,67
10.1038/s41598-019-43192-	2019	1773,10
10.1038/s41598-019-43108-7	2019	1773,10
10.1167/iovs.18-24892	2019	1990,69
10.1167/19.5.4	2019	1990,69
10.1371/journal.pone.0203464	2018	1579,14
10.1371/journal.pone.0203466	2018	1579,14
10.2340/00015555-3040	2019	1695,75
10.1167/18.9.25	2018	1952,16
10.3390/atmos9100407	2018	1312,68
10.1155/2018/4070935	2018	1722,83
10.3390/ijms19103282	2018	1494,14
10.3391/ai.2018.13.4.05	2018	999,60
10.1186/s12995-018-0196-7	2018	1556,94
10.1186/s13293-018-0193-7	2018	1686,24
10.1186/s13071-018-2940-3	2018	1476,13
10.1186/s40001-018-0335-8	2018	1686,24
10.1186/s12931-018-0845-5	2018	1740,11
10.1186/s13071-018-2936-z	2018	1476,13
10.1038/s41598-019-39452-3	2019	1773,10
10.1021/acsomega.8b03271	2019	787,97
10.3390/md17030158	2019	1363,64
10.3390/biology8010012	2019	613,65
10.3390/ijms20061321	2019	850,68
10.1038/s41598-019-41857-z	2019	1773,10
10.1167/19.4.3	2019	1959,57
10.1371/journal.pone.0211064	2019	1634,23
10.1371/journal.pone.0210790	2019	1634,23
10.7150/jbji.29065	2018	446,59
10.3389/fvets.2018.00333	2019	2003,71
10.7717/peerj.6259	2019	988,43
10.1038/s41598-018-38207-w	2019	1630,30
10.3389/fmars.2018.00509	2019	2001,82
10.1167/18.13.21	2018	1967,50
10.3897/zookeys.818.30587	2019	654,50
10.1021/acsomega.8b02462	2019	799,18
10.1659/MRD-JOURNAL-D-17-00082.1	2018	661,90
10.1128/genomeA.00324-18	2018	558,07
10.1128/genomeA.00323-18	2018	558,07
10.1128/genomeA.01142-17	2017	534,27
